%YAML:1.0

image_width: 1280
image_height: 844
camera_name: wide/left
camera_matrix:
  rows: 3
  cols: 3
  data: [860.969, 0., 625.6476, 0., 857.25288, 301, 0., 0., 1. ]
distortion_model: plumb_bob
distortion_coefficients:
  rows: 1
  cols: 5
  data: [-0.21715, 0.0962, 0., 0., -0.0246]
rectification_matrix:
  rows: 3
  cols: 3
  data: [0.9998949139493692, -0.002849049758444318, 0.01421421730723744,
   0.002781574197961118, 0.9999847807861165, 0.004764560958138632,
  -0.01422757544927093, -0.004724522369138527, 0.9998876211781095]

projection_matrix:
  rows: 3
  cols: 4
  data: [363.8075830489678, 0, 314.4575881958008, 0,  0, 363.8075830489678, 150.7263412475586, 0, 0, 0, 1, 0]
