%YAML:1.0

image_width: 1280
image_height: 844
camera_name: wide/right
camera_matrix:
  rows: 3
  cols: 3
  data: [ 858.5975, 0., 643.2118, 0., 854.5459, 301, 0., 0., 1. ]
distortion_model: plumb_bob
distortion_coefficients:
  rows: 1
  cols: 5
  data: [-0.22176, 0.10555, 0., 0., -0.03037]
rectification_matrix:
  rows: 3
  cols: 3
  data: [0.9999684710398082, 0.004080598114558758, -0.006812168915672484,
    -0.004112873905809701, 0.9999803522049384, -0.004730694697636764,
    0.006792731007709974, 0.004758563135527198, 0.9999656068497266]

projection_matrix:
  rows: 3
  cols: 4
  data: [363.8075830489678, 0, 314.4575881958008, -108666.3681527223,
    0, 363.8075830489678, 150.7263412475586, 0,
    0, 0, 1, 0]
